8 0.16171875 0.61171875 0.3234375 0.1484375
3 0.11640625 0.69765625 0.2328125 0.1640625
12 0.315625 0.4578125 0.40625 0.30625
10 0.4265625 0.1125 0.184375 0.225
7 0.6125 0.59921875 0.1875 0.1296875
4 0.70390625 0.1203125 0.3703125 0.240625
8 0.88515625 0.36796875 0.2296875 0.0390625
3 0.91640625 0.44140625 0.1671875 0.1171875
0 0.96171875 0.61484375 0.0765625 0.1828125
1 0.6375 0.38203125 0.115625 0.06640625
1 0.55078125 0.38671875 0.0640625 0.0671875
4 0.259375 0.88984375 0.51875 0.2203125
4 0.746875 0.88984375 0.45625 0.2203125