4 0.23984375 0.234375 0.4796875 0.46875
4 0.63125 0.30546875 0.303125 0.3265625
10 0.94921875 0.26953125 0.1015625 0.1890625
12 0.93671875 0.0796875 0.1265625 0.121875
8 0.8390625 0.00625 0.321875 0.0125
1 0.5453125 0.00703125 0.115625 0.0140625
2 0.23984375 0.734375 0.4796875 0.53125
9 0.42421875 0.59140625 0.1109375 0.2453125
10 0.88203125 0.88828125 0.2359375 0.1765625
4 0.56953125 0.9109375 0.1796875 0.178125
8 0.7109375 0.62578125 0.39140625 0.03515625
12 0.8578125 0.71171875 0.284375 0.1203125
3 0.74453125 0.546875 0.31796875 0.10546875